world: world
x: 126.5
y: 73.0
z: 538.5
yaw: -0.11871269
pitch: 0.16133319
name: shop
