world: world
x: 18.5
y: 75.0
z: -92.5
yaw: -0.4729004
pitch: 1.3499521
name: pvp
