spawns: 
  default: 
    world: world
    x: 1341.5
    y: 74.0
    z: 744.5
    yaw: -224.92262
    pitch: 0.31588522
